0	17.000000	135.000000	1	0	1
7	60.000000	140.000000	24	5.000000	0	1
7	200.000000	140.000000	24	1.000000	1	1
7	142.000000	70.000000	24	1.000000	0	0
6	105.000000	140.000000	22	176.000000	207.000000	1	0	1
6	73.000000	32.000000	22	156.000000	111.000000	1	0	0
1	0.000000	0.000000	22	0	0
1	0.000000	16.000000	22	0	0
1	0.000000	32.000000	22	0	0
1	0.000000	48.000000	22	0	0
1	0.000000	64.000000	22	0	0
1	0.000000	96.000000	22	0	0
1	0.000000	112.000000	22	0	0
1	0.000000	128.000000	22	0	1
1	0.000000	144.000000	22	0	1
1	0.000000	160.000000	22	0	1
1	0.000000	176.000000	22	0	1
1	0.000000	192.000000	22	0	1
1	0.000000	208.000000	22	0	1
1	16.000000	208.000000	22	0	1
1	16.000000	96.000000	22	0	1
1	32.000000	208.000000	22	0	1
1	48.000000	208.000000	22	0	1
1	64.000000	208.000000	22	0	1
1	80.000000	208.000000	22	0	1
1	96.000000	208.000000	22	0	1
1	112.000000	208.000000	22	0	1
1	128.000000	208.000000	22	0	1
1	144.000000	208.000000	22	0	1
1	160.000000	208.000000	22	1	1
1	176.000000	208.000000	22	1	1
1	192.000000	208.000000	22	1	1
1	208.000000	208.000000	22	1	1
1	224.000000	208.000000	22	1	1
1	224.000000	0.000000	22	1	0
1	224.000000	16.000000	22	1	0
1	224.000000	32.000000	22	1	0
1	224.000000	48.000000	22	1	0
1	224.000000	64.000000	22	1	0
1	224.000000	80.000000	22	1	0
1	224.000000	96.000000	22	1	0
1	224.000000	112.000000	22	1	0
1	224.000000	128.000000	22	1	1
1	224.000000	144.000000	22	1	1
1	224.000000	160.000000	22	1	1
1	224.000000	176.000000	22	1	1
1	160.000000	144.000000	22	1	1
1	176.000000	144.000000	22	1	1
1	192.000000	144.000000	22	1	1
1	208.000000	144.000000	22	1	1
1	0.000000	112.000000	22	0	0
1	16.000000	112.000000	22	0	0
1	32.000000	112.000000	22	0	0
1	48.000000	112.000000	22	0	0
1	64.000000	112.000000	22	0	0
1	80.000000	112.000000	22	0	0
1	96.000000	112.000000	22	0	0
1	112.000000	112.000000	22	0	0
1	128.000000	112.000000	22	0	0
1	144.000000	112.000000	22	0	0
50	128.000000	30.00000	0	178.000000	40.000000	4	0	0
50	128.000000	31.00000	0	178.000000	40.000000	4	0	0
50	128.000000	32.000000	0	178.000000	40.000000	4	0	0
