0	17.000000	147.000000	1	0	1
2	124.000000	160.000000	2	0.000000	0	1
2	224.000000	160.000000	2	1.000000	1	1
2	324.000000	160.000000	2	1.000000	2	1
2	424.000000	160.000000	2	0.000000	2	1
2	524.000000	160.000000	2	2.000000	3	1
1	0.000000	192.000000	22	0	1
1	16.000000	192.000000	22	0	1
1	32.000000	192.000000	22	0	1
1	48.000000	192.000000	22	0	1
1	64.000000	192.000000	22	0	1
1	80.000000	192.000000	22	0	1
1	96.000000	192.000000	22	0	1
1	112.000000	192.000000	22	0	1
1	128.000000	192.000000	22	0	1
1	144.000000	192.000000	22	0	1
1	160.000000	192.000000	22	1	1
1	176.000000	192.000000	22	1	1
1	192.000000	192.000000	22	1	1
1	208.000000	192.000000	22	1	1
1	224.000000	192.000000	22	1	1
1	240.000000	192.000000	22	1	1
1	256.000000	192.000000	22	1	1
1	272.000000	192.000000	22	1	1
1	288.000000	192.000000	22	1	1
1	304.000000	192.000000	22	1	1
1	320.000000	192.000000	22	2	1
1	336.000000	192.000000	22	2	1
1	352.000000	192.000000	22	2	1
1	368.000000	192.000000	22	2	1
1	384.000000	192.000000	22	2	1
1	400.000000	192.000000	22	2	1
1	416.000000	192.000000	22	2	1
1	432.000000	192.000000	22	2	1
1	448.000000	192.000000	22	2	1
1	464.000000	192.000000	22	2	1
1	480.000000	192.000000	22	3	1
1	496.000000	192.000000	22	3	1
1	512.000000	192.000000	22	3	1
1	528.000000	192.000000	22	3	1
1	544.000000	192.000000	22	3	1
1	560.000000	192.000000	22	3	1
1	576.000000	192.000000	22	3	1
1	592.000000	192.000000	22	3	1
1	608.000000	192.000000	22	3	1
1	624.000000	192.000000	22	3	1
1	640.000000	192.000000	22	4	1
1	656.000000	192.000000	22	4	1
1	672.000000	192.000000	22	4	1
1	688.000000	192.000000	22	4	1
1	704.000000	192.000000	22	4	1
1	720.000000	192.000000	22	4	1
1	736.000000	192.000000	22	4	1
1	752.000000	192.000000	22	4	1
50	704.000000	128.000000	0	736.000000	176.000000	2	4	1