# id	file_path	transparent_color_r	g	b
[TEXTURES]
0	textures\start.png	116	116	116
# id	left	top	right	bottom	texture_id
[SPRITES]
#Back ground
1000	1	1	256	240	0
#Bat animation
1001	1	256	72	311	0
1002	74	256	145	311	0
1003	147	256	218	311	0
1004	220	256	291	311	0
1005	293	256	364	311	0
1006	366	256	437	311	0
1007	439	256	510	311	0
1008	512	256	583	311	0
1009	585	256	656	311	0
1010	658	256	729	311	0
#
1011	74	313	145	368	0
1012	147	313	218	368	0
1013	220	313	291	368	0
1014	293	313	364	368	0
1015	366	313	437	368	0
1016	439	313	510	368	0
1017	512	313	583	368	0
1018	585	313	656	368	0
1019	658	313	729	368	0
#
1020	74	370	145	425	0
1021	147	370	218	425	0
1022	220	370	291	425	0
1023	293	370	364	425	0
1024	366	370	437	425	0
1025	439	370	510	425	0
1026	512	370	583	425	0
1027	585	370	656	425	0
1028	658	370	729	425	0
#
1029	74	427	145	482	0
1030	147	427	218	482	0
1031	220	427	291	482	0
1032	293	427	364	482	0
1033	366	427	437	482	0
1034	439	427	510	482	0
1035	512	427	583	482	0
1036	585	427	656	482	0
1037	658	427	729	482	0
#Push to start
1038	558	1	670	8	0
1039	558	10	670	17	0

# ani_id	sprite1_id	time1	sprite2_id	time2	...
[ANIMATIONS]
10	1000	100
11	1001	100	1002	100	1003	100	1004	100	1005	100	1006	100	1007	100	1008	100	1009	100	1010	100	1011	100	1012	100	1013	100	1014	100	1015	100	1016	100	1017	100	1018	100	1019	100	1020	100	1021	100	1022	100	1023	100	1024	100	1025	100	1026	100	1027	100	1028	100	1029	100	1030	100	1031	100	1032	100	1033	100	1034	100	1035	100	1036	100	1037	100
12	1038	100	1039	100
# id	ani1	ani2	ani3
[ANIMATION_SETS]
1	10
2	11
3	12
[OBJECTS]
# type	x	y	ani_set_id	extra_settings per object type
1	-10	0	1
2	174	104	2
3	62	136	3