0 0 0 0 0 0 0 0 0 0 0 0 0 0 0 0 0 0 0 0 0 0 0 0 0 0 0 0 0 0 0 0 0 0 0 0 0 0 0 0 0 0 0 0 0 0 0 0
0 0 0 0 0 0 0 0 0 0 0 0 0 0 0 0 0 0 0 0 0 0 0 0 0 0 0 0 0 0 0 0 0 0 0 0 0 0 0 0 0 0 0 0 0 0 0 0
1 2 1 2 3 4 5 6 1 2 3 4 7 8 1 2 3 4 9 10 11 12 13 14 1 2 15 16 3 4 13 14 1 2 15 16 3 4 13 14 1 2 17 18 7 8 19 20
21 22 21 22 23 24 25 26 21 22 23 24 27 28 21 22 23 24 29 30 31 32 33 34 21 22 35 36 23 24 33 34 21 22 35 36 23 24 33 34 21 22 37 38 27 28 39 40
41 42 43 44 23 24 41 42 41 42 23 24 45 45 41 42 23 24 46 47 43 44 41 42 3 48 49 50 23 24 51 52 3 48 49 50 23 24 51 52 3 48 37 53 45 45 54 40
21 22 25 26 23 24 21 22 21 22 23 24 45 45 21 22 23 24 55 56 25 26 21 22 23 24 35 36 23 24 33 34 23 24 35 36 23 24 33 34 23 24 29 30 45 45 39 40
57 58 59 59 59 59 60 61 62 63 23 24 45 45 41 42 23 24 64 65 41 42 41 42 23 24 41 42 23 24 41 42 23 24 41 42 23 24 66 67 23 24 64 65 45 45 68 69
70 70 70 70 70 70 70 71 72 73 23 24 45 45 21 22 23 24 74 75 21 22 21 22 23 24 21 22 23 24 21 22 23 24 21 22 23 24 27 28 23 24 74 75 45 45 68 76
37 53 41 42 3 48 77 78 71 79 59 59 57 58 59 59 59 59 60 61 62 63 41 42 23 24 41 42 23 24 41 42 23 24 41 42 23 24 43 44 23 24 80 81 82 83 68 84
29 30 21 22 23 24 31 32 70 70 70 70 70 70 70 70 70 70 70 71 72 73 21 22 23 24 21 22 23 24 21 22 23 24 21 22 23 24 25 26 23 24 85 82 86 70 70 70
64 65 41 42 23 24 41 42 66 67 23 24 43 44 23 24 43 44 77 78 71 72 62 63 23 24 41 42 23 24 41 42 23 24 41 42 23 24 41 42 23 24 87 86 88 89 54 40
74 75 21 22 23 24 21 22 27 28 23 24 25 26 23 24 25 26 31 32 90 71 72 73 23 24 21 22 23 24 21 22 23 24 21 22 23 24 21 22 23 24 70 70 91 92 39 40
57 58 57 58 93 94 57 58 57 58 93 94 57 58 93 94 57 58 57 58 57 58 71 79 93 94 57 58 93 94 57 58 93 94 57 58 93 94 57 58 93 94 57 58 57 58 95 40
70 70 70 70 70 70 70 70 70 70 70 70 70 70 70 70 70 70 70 70 70 70 70 70 70 70 70 70 70 70 70 70 70 70 70 70 70 70 70 70 70 70 70 70 70 70 70 70
0 0 0 0 0 0 0 0 0 0 0 0 0 0 0 0 0 0 0 0 0 0 0 0 0 0 0 0 0 0 0 0 0 0 0 0 0 0 0 0 0 0 0 0 0 0 0 0