0 0 0 0 0 0 0 0 0 0 0 0 0 0 0 0 0 0 0 0 0 0 0 0 0 0 0 0 0 0 0 0 0 0 0 0 0 0 0 0 0 0 0 0 0 0 0 0
0 0 0 0 0 0 0 0 0 0 0 0 0 0 0 0 0 0 0 0 0 0 0 0 0 0 0 0 0 0 0 0 0 0 0 0 0 0 0 0 0 0 0 0 0 0 0 0
1 1 2 3 4 4 4 4 2 3 5 5 5 5 5 5 5 5 5 5 5 5 5 5 5 5 5 5 5 5 5 5 5 5 5 5 5 5 5 5 5 5 5 5 5 5 1 1
1 1 6 2 4 4 4 4 6 2 5 5 5 5 5 5 5 5 5 5 5 5 5 5 5 5 5 5 5 5 5 5 5 5 5 5 5 5 5 5 5 5 5 5 5 5 1 1
1 1 4 4 4 4 7 8 4 4 5 5 5 5 5 5 4 9 4 9 5 5 5 5 5 5 5 5 10 11 5 5 5 5 5 5 5 5 5 5 5 5 4 9 4 9 1 1
1 1 4 4 4 4 12 13 4 4 5 5 5 5 5 5 4 4 4 4 5 5 5 5 5 5 5 5 14 15 5 5 5 5 5 5 5 5 5 5 16 17 4 4 4 4 1 1
1 1 4 4 4 4 2 3 4 4 5 5 5 5 10 11 18 19 20 21 10 11 5 5 5 5 5 5 22 23 4 9 4 9 4 9 4 9 24 17 0 0 7 8 4 4 1 1
1 1 4 4 4 4 6 2 4 4 5 5 5 5 14 15 25 5 5 26 14 15 5 5 5 5 5 5 27 4 4 4 4 4 4 4 4 4 0 0 0 0 12 13 4 4 0 28
1 1 4 4 7 8 22 23 1 1 5 5 20 21 1 1 5 5 5 5 4 4 10 11 10 11 4 9 29 30 4 4 4 4 1 1 31 32 2 3 7 8 4 4 4 4 0 33
1 1 4 4 12 13 27 4 1 1 5 5 5 26 4 4 34 35 5 5 4 4 14 15 14 15 4 4 36 37 1 1 4 4 38 2 39 31 6 2 12 13 4 4 1 1 0 40
1 1 4 4 22 23 4 4 4 4 24 17 24 17 7 8 2 3 2 3 4 4 4 4 22 23 1 1 2 3 10 11 4 4 18 19 20 21 31 32 4 4 4 4 2 3 1 1
1 1 4 4 27 4 4 4 4 4 0 0 0 0 12 13 6 2 6 2 4 4 4 4 27 4 38 2 6 2 14 15 4 4 25 5 5 26 39 31 4 4 1 1 6 2 1 1
1 1 1 1 41 1 7 8 7 8 1 1 1 1 1 1 1 1 1 1 10 11 1 1 4 4 5 5 1 1 4 4 4 4 5 5 10 11 1 1 1 1 4 4 4 4 1 1
1 1 1 1 2 42 12 13 12 13 4 4 38 2 38 2 38 2 4 4 14 15 38 2 4 4 34 35 38 2 1 1 1 1 34 35 14 15 38 2 38 2 4 4 4 4 1 1
0 0 0 0 0 0 0 0 0 0 0 0 0 0 0 0 0 0 0 0 0 0 0 0 0 0 0 0 0 0 0 0 0 0 0 0 0 0 0 0 0 0 0 0 0 0 0 0